200
71290;Holly Wood;92.49;7;4;2;2;8;4;57
2192777;Darius Bengal;47.03;5;4;4;4;6;5;55
27397477;Ben Dover;47.92;8;10;6;5;2;10;83
6602;Oscar Ruitt;83.85;10;6;4;7;9;5;100
5;Rusty Carr;41.12;3;1;8;7;5;5;33
8520869;Helen Highwater;79.67;0;8;6;2;8;7;3
4545835;Ty Knotts;69.4;1;0;7;9;7;1;24
58525351;Antwan Cyprus;48.67;6;7;3;4;7;2;69
3913628;Hayden Seek;86.77;6;2;7;1;9;7;17
638;Dee Kay;40.78;5;10;6;7;7;2;79
96040;Lonnie Brazilian;94.18;6;5;1;4;3;0;50
18;Morey Bund;68.35;6;5;1;7;1;3;60
58;Andres Andorian;81.82;9;4;8;3;7;7;98
488;Juan Morefore DeRhode;89.53;8;4;5;7;7;4;46
860979;Morey Bund;88.52;5;3;3;1;9;10;85
82;Dan Siberian;61.14;10;8;5;0;1;6;67
261660042;Marty Graw;60.87;7;9;8;4;10;7;10
735890;Megan Q;53.79;9;2;2;2;4;3;38
17570;Oma Toyger;92.93;9;4;0;8;7;7;2
4;Eve O'Lution;45.47;10;2;6;0;3;2;50
5086;Ezra Kazon;59.19;0;10;1;6;7;8;30
84;Celestina Russian;69.77;9;2;10;2;4;9;7
19214199;Trevor Klingon;64.19;6;1;6;1;1;4;9
94048264;Boyd Ferengi;79.8;10;1;1;5;1;2;50
432803;Ellie Noise;88.98;8;6;5;1;3;2;79
29897516;Rico Nebelung;56.4;3;5;3;1;10;1;86
81003;Kenny Dewitt;48.36;3;5;6;5;4;6;77
493;Will Wynn;74.13;10;5;4;7;9;2;88
839054;Ellie Noise;65.15;5;5;1;1;4;8;86
745888;Jarrod Borg;60.0;8;9;3;3;0;0;27
9018;Walter Melon;49.81;6;1;5;10;1;9;13
97713;Cal Culator;92.18;4;0;0;1;5;3;77
4831581;Jaqueline Hyde;61.46;3;7;7;9;9;5;11
2;Pat Pending;53.45;6;4;4;3;2;3;43
15506144;Jerald Ocampa;85.12;7;3;2;4;0;1;28
2555;Madeline Sam;76.71;4;1;6;9;1;2;47
6;Chris Ko;83.98;1;5;4;4;6;0;65
77416;Reena Sokoke;73.96;6;2;5;3;8;4;7
72480167;Venus Klingon;60.18;8;5;0;9;5;9;92
544;Taylor Maid;53.5;10;4;4;8;3;0;93
5921432;Philip Cyprus;51.63;4;4;1;4;4;1;36
9844;Rhoda Mule;49.55;9;4;7;5;4;8;52
97728;Pat Q;94.22;1;9;9;1;10;7;98
7217586;Tayna Tonkinese;94.02;1;1;1;7;6;3;47
49;Lily Pond;42.07;6;6;8;4;9;1;39
947;Barry D'Alive;65.5;6;2;6;5;2;9;53
7088;Mary Ann Bright;41.3;8;9;7;1;6;4;85
2184067;Quint S. Henschel;91.29;8;5;4;9;5;10;32
640250;Enrique Vidiian;82.26;4;3;4;1;1;3;40
97552297;Adriane Betazoid;86.95;5;5;1;6;6;0;32
89990242;Cam Payne;92.16;3;0;8;5;3;3;45
771;Hyo Turkish;73.53;3;5;0;8;9;2;78
66;Soraya Savannah;49.92;4;7;1;8;9;8;50
525;Rich Mann;52.45;7;2;6;4;9;8;39
155;Annie Moore;49.3;3;8;4;2;2;3;61
71774220;Colette A. Day;75.18;1;4;5;6;10;4;15
523722;Dario Bajoran;53.64;2;7;2;0;3;10;73
50;Waltraud Ferengi;85.82;1;5;9;2;1;7;21
891130;Sir Fin Waves;42.1;7;9;2;1;8;8;58
93982542;Mary A. Richman;78.74;2;4;1;9;9;5;20
57235922;Giuseppe Bajoran;66.19;10;7;8;3;5;9;34
1;Aurore Breen;85.16;4;6;6;9;3;9;1
97549;Virgie Ferengi;53.82;5;0;5;3;2;3;33
593;Herb Betazoid;75.82;1;4;4;4;4;8;4
250751;Bob Ng;73.28;6;8;9;10;5;10;59
73843;Theresa Green;40.41;4;3;3;7;1;5;62
734355;Jacques Talaxian;81.17;9;3;1;6;2;3;44
670;Jasper Talaxian;74.99;3;6;2;6;6;8;73
389083;Rachal Breen;60.78;8;6;2;3;2;6;23
635;Ilene Wright;93.96;8;2;5;6;4;4;68
486;Lakita Talaxian;84.39;4;4;10;1;3;3;50
490;Lakeshia Andorian;82.01;4;9;6;3;6;4;2
1697418;Helen Highwater;50.25;4;9;2;3;1;4;19
465604105;Danilo Betazoid;93.74;9;0;1;4;5;7;21
59692756;Quimby Ingmeen;56.0;4;5;9;4;3;5;88
139742573;Milly Meter;62.16;4;10;9;5;9;9;84
411;Stanford Bombay;82.09;9;8;8;6;7;4;32
0;Ben Lyon;58.11;3;2;4;8;2;1;95
23127;Isadore Bell;74.02;3;3;1;5;4;2;53
47748760;Jeanice Serengeti;48.59;9;9;9;10;1;0;8
678046;Ernest Devon;72.24;5;6;2;2;1;0;32
225356;Reid Burmilla;66.0;2;0;3;3;0;10;79
454;Rusty Fossat;55.25;6;6;3;1;7;2;46
28;Chad Terbocks;84.43;3;8;5;4;0;4;36
523082;Sue Render;58.72;3;0;6;7;0;8;5
271509;Chris P. Bacon;56.22;7;2;1;5;7;10;35
48065226;Robin DeCraydle;59.37;7;3;5;10;0;7;97
7257774;Ethelene Suphalak;74.55;6;4;8;6;10;1;70
726;Dorinda Minskin;41.27;3;3;5;9;10;7;55
1398;Lizeth Sphynx;43.37;9;0;9;1;5;8;51
5008010;Vlad Tire;47.48;6;6;7;5;3;1;94
63;Cy Burns;47.09;7;1;5;1;10;7;74
672106831;Eli Ondefloor;85.05;9;1;8;9;2;10;58
7239912;Dinah Soares;45.96;2;8;7;8;4;9;78
44732856;Heath Exotic;55.44;7;5;10;3;0;9;81
67;Lucy Fer;66.3;1;1;4;4;8;10;0
120096402;Rita Booke;62.68;8;9;4;9;9;3;62
452898;Adam Baum;84.58;1;8;9;10;5;0;88
789;Lawrence Borg;59.49;3;2;0;2;9;4;79
918;Ferris Wheeler;88.62;4;3;5;4;7;7;98
618669690;Jed Dye;42.93;8;2;1;6;0;5;94
8;Neal Bambino;92.04;3;6;7;4;7;3;93
48721747;Sandy Beech;67.93;8;3;1;6;3;1;66
5564;Art Painter;87.61;8;5;3;4;7;4;1
96903222;Dale Q;56.73;2;4;2;9;1;8;25
860;Angel Himalayan,;92.81;3;0;3;8;2;7;68
548;Yuki Klingon;91.77;7;4;2;3;2;8;5
5556029;Howe D. Pardner;73.19;6;1;8;8;2;2;5
104368799;Bill Overdew;93.99;8;4;1;8;6;2;31
35011912;Hugh deMann;63.09;8;3;7;10;7;3;12
9735;Rodney Selkirk;40.62;6;7;0;7;3;3;91
4059;Candy Kane;57.38;1;10;2;8;7;5;48
247730;Count Orff;92.02;7;2;6;6;2;10;75
587;Edwardo Romulan;65.8;9;1;3;10;9;4;6
3431397;Ilene Dover;46.75;3;1;8;0;7;4;47
20;Herman Breen;84.61;8;5;7;2;9;3;78
941923;Ilana Breen;51.99;3;8;3;2;3;3;90
76;Clara Nett;64.14;7;4;9;9;5;1;35
77;Norberto Cardassian;49.43;8;6;7;10;5;7;60
520434;Easton West;59.23;2;8;3;8;7;10;77
82243;Phil A. Delphia;40.11;7;3;4;9;3;8;42
130760;Birdie Bombay;84.6;8;2;8;5;2;3;68
93802972;Simon Swindells;45.81;2;8;4;4;2;6;47
4644;Everett Andorian;82.94;2;4;8;9;2;6;8
8024624;Rob Banks;60.01;4;7;4;7;1;6;66
597785;Lin Ferengi;41.41;1;7;7;4;1;5;24
21;Pepe Roni;42.08;1;8;2;3;2;8;28
9;Lorilee Cardassian;85.0;7;5;6;8;7;7;74
87728;Xavier Money;87.94;0;3;8;3;3;3;94
93088;Sam Klingon;64.59;8;4;8;7;3;9;23
70977390;Luna Dwarf;45.01;9;6;7;3;8;10;54
3306246;Rolland Pixie-bob;92.41;1;6;2;8;3;7;85
6174;Michell Ferengi;79.88;3;4;2;3;5;5;90
725919864;Marcos Bajoran;91.17;9;6;5;9;0;1;75
562097;Kieth American;62.54;0;3;3;7;8;2;36
7;Stanley American;56.79;0;9;5;6;4;8;28
735334;Reta Vorta;46.02;0;5;6;4;5;5;51
942005592;Faye Kinnitt;54.05;7;10;9;5;9;5;63
86518;Johnie Siberian;86.78;0;8;4;10;3;7;90
644352949;Eve Ning;47.31;7;3;10;0;10;1;57
1006;Jenell Vidiian;40.42;6;4;0;6;9;3;100
906841493;Wilma Leggrowbach;73.13;7;4;9;8;9;9;52
47414217;Johnathan Kazon;75.35;7;0;5;9;5;2;4
9003;Mike Czech;83.33;7;3;9;9;6;8;61
4867;Carl Vidiian;67.88;8;2;2;7;4;10;87
3802;Shiela Korean;61.99;2;6;6;5;4;6;29
93;Bobette Ragamuffin;42.09;9;3;4;2;6;7;44
96;Gladys C. Hughes;63.41;1;5;6;1;2;3;33
21110293;Tanya Hyde;83.11;6;4;1;2;4;1;67
415283;Dian Singapura;73.62;6;6;0;2;4;2;93
4570;George Oregon;93.6;5;8;4;5;3;1;32
5596;Al Nino;73.08;9;4;4;10;7;5;72
770;Rowan Boatman;70.66;3;4;4;6;5;4;9
584560;Douglas Furr;56.55;1;9;7;5;6;2;15
4674;Allen Rench;52.51;2;1;3;6;10;2;60
419814;Clorinda Breen;82.48;3;8;7;8;7;6;22
884204918;Adam Bomb;40.3;10;2;2;8;7;4;81
9693;Kristy Pixie-bob;80.92;8;3;8;2;5;2;17
59870;Cleo Vidiian;93.4;7;0;10;3;2;3;13
75524;Manual Asian;51.7;7;1;8;1;4;1;83
58771;Sue Yu;78.4;3;2;2;7;10;9;71
7210450;Luis Talaxian;53.91;5;7;0;9;2;1;92
486061;Perry Mecium;68.11;7;2;9;2;5;6;100
481943274;Claudia El-Aurian;77.58;8;6;3;9;4;2;30
9812;Mervin Russian;67.21;5;5;7;6;5;8;75
341;Zelda Munchkin;93.16;6;3;6;9;1;2;80
10455;Louise E. Anna;89.1;9;4;5;0;6;3;67
964368;Easton West;73.11;3;7;3;0;7;3;1
75;Aiko Q;64.06;3;0;6;2;7;9;26
7629;Elliott Cyprus;54.84;1;1;2;3;1;7;11
14663519;Ardella Vidiian;88.81;8;4;2;5;2;3;92
66641;Kina American;79.43;4;10;6;7;9;10;81
35477;May Furst;80.31;8;0;6;5;1;9;23
948487226;Johnathon Andorian;74.05;4;8;9;1;4;3;10
552031;Ivy Donskoy,;42.09;4;5;9;0;2;7;70
64511;Lou Pole;52.34;3;4;10;2;9;5;96
225;Dominick Vidiian;52.26;4;4;9;3;5;3;87
55039748;Frank Furter;92.24;5;6;9;6;0;6;90
257;Mel Function;87.2;6;7;2;4;9;1;91
7600645;Harry Legg;59.59;3;6;4;6;8;5;3
23308;Jona Talaxian;61.88;1;9;6;5;6;1;43
490078;Ilene Wright;88.17;7;4;2;6;0;0;67
65227773;Candice B. DePlace;57.93;9;0;8;3;2;7;34
51745;Xavier Javanese;93.06;6;1;4;9;4;5;23
69;Consuela Vulcan;49.0;8;10;6;6;8;10;82
3314;Clara Sabell;79.76;9;7;2;9;8;9;17
263;Marsha Dimes;85.96;8;5;2;7;1;0;27
194;Jaimie Brazilian;81.55;9;5;8;6;6;7;9
985990962;Juliann Australian;88.33;2;8;0;9;6;1;72
76673;Rich Feller;47.21;6;5;7;8;7;6;25
6022727;Patricia Andorian;61.47;1;2;7;6;9;9;18
881670;Rusty Steele;68.49;4;10;6;5;5;9;81
35;Del Exotic;48.24;6;9;5;5;1;8;54
69551;Winnie Bago;83.85;9;5;6;8;4;4;76
45218;Rae Suphalak;77.45;5;10;5;9;3;2;71
46965;Rocky Beach;85.41;8;5;3;4;5;2;42
70;Penny Vulcan;77.08;1;8;3;3;8;8;42
648340;Lane Snowshoe;73.73;1;7;5;5;4;8;7
240;Kary Borg;43.06;7;8;2;5;6;5;5
2584308;Jim Shorts;61.44;4;6;9;3;6;1;41
