40
922;Tori Australian;42.59;5;7;7;9;10;1;30
643;R. M. Pitt;89.31;10;4;9;7;2;6;52
874;Roger Overandout;79.14;2;2;5;2;1;2;98
18727;Cam Payne;59.06;1;3;7;2;4;0;69
154591;Edison British;54.96;6;9;9;2;5;8;29
543735594;Rudy Arabian;87.72;2;5;9;5;5;4;79
94712;Lucy Fer;88.37;8;10;8;10;1;7;77
687701510;Ben D. Fender;87.81;10;8;0;3;5;8;29
2;Juan Morefore DeRhode;71.01;4;8;5;9;4;7;61
3579516;Jerrold Bajoran;79.01;5;3;8;5;7;6;18
5153;Jean Betazoid;59.17;8;5;1;7;4;9;97
1;Juana Bea;63.89;4;9;7;4;3;3;74
28800;Elliot LaPerm;77.08;9;2;9;0;10;3;56
2984242;Tommy Hawk;41.94;5;9;2;9;10;1;98
4124421;Rowan Boatman;41.18;7;9;7;2;7;6;15
160493;April Jem'Hadar;49.37;3;4;1;0;1;7;42
880665361;Laurence Cardassian;69.1;9;1;5;8;2;8;92
1027248;Luke Warm;52.48;2;9;7;9;2;5;49
1605;Cody Pendant;52.03;3;1;8;1;6;10;71
5324482;Joy Rider;81.55;10;4;6;10;4;7;38
6698780;Van El-Aurian;50.87;4;5;5;10;9;5;23
393464427;Aaron Thetires;54.95;4;2;9;6;6;7;74
18;Cassi Breen;75.5;3;10;4;6;8;7;16
4933;Jane Linkfence;74.02;6;1;2;4;3;9;92
648624;Dahlia Kazon;53.28;5;7;8;2;9;3;81
29300;Roman Holiday;81.09;8;1;8;7;3;4;13
222495;Stephan Russian;69.55;4;2;5;5;6;4;5
81;Brandon Oriental;87.63;1;1;6;3;4;0;84
9078;Rhea Curran;48.07;10;7;7;1;7;4;5
4156581;Ilene Wright;85.06;9;3;3;1;0;10;9
281016099;Stephine Ragdoll;49.23;3;8;3;4;3;10;71
766642;Arthur Vulcan;52.71;2;5;2;2;4;7;99
171913064;Celine Ragdoll;86.41;5;0;7;6;2;6;39
7730;John Cardassian;74.31;5;8;8;4;10;9;10
133452212;Anna Conda;48.82;7;6;5;8;2;5;39
225;Nelson Klingon;52.97;7;8;3;10;5;1;86
66503;Ginger Vitis;45.26;6;1;4;5;7;9;99
848691;Gladys Eeya;40.08;2;3;8;9;1;0;83
628440296;Darryl PerFold;72.4;2;3;4;5;1;7;7
36098038;Sue Render;70.92;5;9;3;1;5;4;69
