100
8659464;Mandy Lifeboats;85.09;1;3;7;8;8;3;89
587337440;Chris Mass;48.23;10;6;2;0;0;3;36
4;Alf A. Romeo;76.12;7;2;5;6;10;6;70
107;Kay Neine;46.09;5;1;2;10;3;1;81
48;Harry Pitts;63.55;5;2;9;3;2;3;50
34788;Juan De Hattatime;40.68;2;4;9;5;8;2;16
2561126;Maile Andorian;43.76;0;1;1;2;3;9;4
206673888;Allyn Vulcan;50.77;4;9;4;1;1;4;54
5433;Anna Prentice;90.9;4;3;4;3;3;10;67
94509174;Dwight Q;82.02;0;5;8;8;0;8;35
33962;Omer Mekong;55.71;5;8;10;10;7;9;49
9;Ewan Whatarmy;63.88;1;2;8;8;7;7;75
853805684;Chrystal Glass;79.11;4;6;7;2;5;5;19
45250;Caroll Betazoid;55.4;9;6;3;10;1;2;84
6050291;Wanetta British;91.55;8;4;0;2;3;8;78
3676;Sue Shi;77.49;4;8;6;1;8;0;9
35657;Fernande Ferengi;77.82;3;0;8;2;1;3;92
534305;Constance Noring;73.7;7;2;1;10;5;3;34
32854;Cruz Breen;81.72;8;1;8;3;0;9;75
36873505;Justa Ferengi;75.2;6;5;2;5;9;8;0
8627434;Farrah Bengal;93.15;8;1;6;8;2;8;88
209;Rusty Irons;50.81;1;0;0;5;6;0;74
435053;Gavin Oriental;59.71;3;7;0;5;3;10;51
1;George Washington Sleptier;55.37;10;4;10;4;8;8;86
516445629;Estelle Hertz;68.41;4;7;6;9;1;1;84
408200025;Harland Minskin;63.59;6;0;2;7;9;8;32
122;Aubrey Vidiian;92.57;4;1;9;9;8;9;73
4885196;Dan D. Lyon;82.49;7;6;3;7;4;6;37
5367301;Roman Holiday;81.14;5;4;7;4;0;5;68
8;Neve Adda;41.65;1;1;6;4;5;1;72
8243462;Harland Romulan;73.87;6;3;1;6;9;4;24
29377804;Jefferson Jem'Hadar;50.38;10;6;2;7;5;5;78
441609;Bill Loney;89.91;6;5;6;1;2;8;59
464;Bryant Ocampa;84.33;4;4;5;6;9;1;21
591429;Candy Baskett;64.66;5;2;2;3;3;6;46
485912;Val Crow;80.47;6;9;4;4;7;2;63
58044767;Leatrice Jem'Hadar;76.19;8;2;3;7;8;9;23
1472;Walker American;84.29;7;3;2;6;3;1;52
23698;Sang Korean;51.56;9;7;8;8;7;7;91
3;Maya El-Aurian;93.39;1;8;1;9;8;5;95
66520;Brandy Bottle;69.37;3;3;5;4;5;3;74
52177907;Rod Ocicat;81.91;2;8;4;1;9;2;57
70;Dan Saul Knight;89.62;2;4;8;8;9;1;0
1457;Brandy Anne Koch;42.5;3;7;2;4;5;7;73
503;X. Benedict;78.75;4;8;9;3;10;6;4
38;Stephen Betazoid;58.3;5;3;5;7;2;6;35
86171679;Vito Brazilian;59.66;8;3;0;4;5;9;94
26;Lorilee Sphynx;65.33;1;9;2;2;9;6;81
55596293;Carolin Cardassian;42.57;8;1;1;2;8;4;52
24553336;Avelina Ukrainian;67.77;4;5;9;5;9;1;28
334339344;Evans Gayte;81.22;5;1;4;8;7;4;78
15333;Winsom Cash;75.51;8;9;8;5;10;1;3
48558220;Terry Achey;84.39;0;3;8;2;9;6;81
662437365;Porfirio Talaxian;47.5;0;2;3;7;3;10;62
451239174;Brandon Cattell;41.31;8;9;3;2;10;4;47
7127;Ilene Wright;64.4;0;6;8;7;5;7;79
261460055;Frederica Klingon;41.07;6;2;4;8;3;6;76
905;Ilene West;64.76;2;4;8;7;8;1;82
0;Annie Howe;45.88;4;8;5;2;9;7;63
5413716;Bibi Klingon;79.37;5;5;7;4;9;6;40
79;Ty Romulan;76.08;9;5;5;6;10;4;86
406513300;Elmer Sklue;92.85;8;4;9;0;4;1;51
112;Hugh Mungous;85.41;8;7;2;4;8;9;57
5147;Cordie Bombay;73.84;4;2;3;9;7;1;7
84784;Earl E. Byrd;48.38;0;2;1;3;9;4;51
328;Biff Wellington;79.6;4;2;7;10;2;0;29
18275090;Barry Cade;52.07;9;8;8;1;1;0;41
42086;Zeke N. Yeshallfind;52.81;6;4;8;7;1;0;75
82355455;Gus Tofwin;64.32;10;1;3;2;5;4;89
82;Cecil El-Aurian;59.89;2;7;5;7;8;2;72
96528326;Damien Borg;61.12;4;2;7;5;1;7;32
357395909;Jimmy DeLocke;72.39;6;8;5;9;3;4;68
289211146;Louise E. Anna;51.82;8;7;4;4;1;10;56
6364;Quimby Ingmeen;49.86;2;8;9;1;8;3;80
554347;Amanda Lynn;86.49;5;1;0;2;1;9;33
614;Eve Ning;46.47;1;3;1;4;4;0;82
564366214;Ilene North;47.94;9;6;1;5;3;5;99
557049;Brooks Bajoran;63.81;8;3;0;4;6;5;8
4330296;Tricia Norwegian;87.0;1;9;5;5;2;1;54
32726398;Brooke Trout;81.71;5;0;8;6;5;6;61
6744654;Delora Balinese;71.2;4;1;9;8;0;0;98
4622317;Daisy Picking;72.06;2;2;8;5;4;5;23
376337756;Myles Long;67.0;4;7;6;9;10;8;51
165;Emmanuel Klingon;91.07;6;7;3;2;7;0;91
69234653;Myrle Peterbald;42.57;7;6;2;3;6;3;36
27233;Jeremy Kazon;91.41;6;2;3;6;10;6;60
30008288;Ines Serengeti;81.76;2;2;7;7;4;2;86
36115833;Verdie Lykoi;93.25;3;9;6;0;3;5;94
5565612;Melba Crisp;65.32;5;8;3;1;6;3;69
152;Isiah Kazon;85.88;5;9;9;5;6;8;18
649;Clyde Vorta;70.21;3;2;2;5;3;9;60
34;Pat Downe;41.0;7;4;9;3;2;3;57
202930;Jeremiah Bajoran;91.24;6;8;10;5;5;10;70
468428;Colleen Cardd;50.37;5;7;10;7;7;8;28
3451465;Sacha British;74.61;2;5;2;3;10;2;50
42322204;Pat Downe;74.87;5;2;2;4;4;6;17
73;Tiny Borg;47.9;5;2;6;1;5;1;29
9135;Delcie Betazoid;67.55;0;1;1;9;4;1;83
96048;Jerome Selkirk;88.32;9;9;2;1;3;6;14
726;Isaiah El-Aurian;53.45;4;6;9;2;1;0;51
